card_id
4043321819600132
3583863794026542
341615594078167
4931034131647525539
3592832764835033
374139537672424
180096965328719
5526916697848019
180051462704821
2268932528809574
373039117182276
4383465787133150983
4103105183477
4376311656670105
343338726247315
213108013267731
503860647463
180023430980502
30208121913613
4916998543535
4751079911838420
2245427849808411
4118244935348743
502064005247
36801128059820
575053315868
4226025634216078
30543303654142
180085014294014
376981693406081
213156159514846
374823662994683
4369957773872148952
4332003791764
3567632016328709
2427889579868727
38434873471434
342236231665875
4690967054663
3573467065627293
6011162720465378
6564170805310030
676223271930
4299124190496631932
4905865185067165729
3598776945314737
3550752735454948
213113678377700
4349578856855
30444313518239
30498941343527
3540084271094778
4471167190229418
180099938677493
3591334123281208
3540344713493610
4421024994717463
180071906594018
3549027874296713
6551256746807153
2298087603859772
4824771093241
180013171274843
38378263982148
6584044997278758
180075339636056
3562702895171879
4217459615865788
2244316117240053
4562386922219693797
30474074821753
4474367136959444
4409097439533949
3510470952145623
180088424745179
4851604817546
4137098593174610
577113826751
3592617964053770
345850643171392
342931839335299
4842102053950240
3581177589178398
4700766177115921
4698478961183673659
6515654527111164
3528098851656042
349832731585143
6011940244550225
6011201836675254
340229014767978
4561497840360
564324451074
4683885160607156
3564160529751616
3581645352181880
372312432921277
3599552717744909
2267700541199864
213179359782070